-2.255252024112774478e+00
1.101684246781803878e-01
4.569388486059285270e+00
1.572348171975004177e-02
2.022767880791344688e-02
1.907540612494859289e+00
2.404119613144372648e-03
4.632356904446925050e+00
1.225329790999787026e-02
-9.714241545476781425e+00
5.767212538015053375e-02
1.872339447876742932e-02
3.566068321416427711e+00
4.027795722682651736e+00
-7.787220036922759547e-02
9.380304228518792087e-01
5.383579827106430536e-03
-6.860265987122044606e+00
4.003971010140130321e-03
-2.081317918323822291e-01
